NAME : coverage_path
TYPE : ATSP
DIMENSION : 39
EDGE_WEIGHT_TYPE : EXPLICIT
EDGE_WEIGHT_FORMAT : FULL_MATRIX
EDGE_WEIGHT_SECTION
0 203825 203140 202662 202513 202746 203281 203258 202416 201751 201514 201876 202597 202931 201954 201023 132 200681 201273 202174 202927 201949 201012 120 200641 201292 202169 203248 202403 201733 201493 201859 202585 203811 203123 202642 202491 202726 203265 
0 0 500 1000 1500 2039 2550 500 707 1118 2029 2540 3050 1000 1118 1414 2822 2447 3015 3550 1500 2010 2520 3043 3275 3555 4050 2000 2510 3020 3709 4041 4550 2500 3010 3520 4209 4541 5050 
0 500 0 500 1000 1500 2039 707 500 707 1118 2029 2540 1118 1000 1118 2312 1332 2505 3040 2010 1500 2010 2533 2765 3045 3540 2510 2000 2510 3199 3531 4040 3010 2500 3010 3699 4031 4540 
0 1000 500 0 500 1000 1500 1118 707 500 707 1118 2029 1414 1118 1000 1802 1031 1417 2529 2520 2010 1500 2023 2255 2535 3029 3020 2510 2000 2689 3021 3529 3520 3010 2500 3189 3521 4029 
0 1500 1000 500 0 500 1000 2029 1118 707 500 707 1118 2529 1414 1118 1292 926 1112 1414 3029 2520 2010 1513 1745 2025 2520 3529 3020 2510 2179 2511 3020 4029 3520 3010 2679 3011 3520 
0 2039 1500 1000 500 0 500 2540 2029 1118 707 500 707 3040 2529 1414 1802 1075 985 1118 3540 3029 2520 2023 2255 1515 2010 4040 3529 3020 2689 2001 2510 4540 4029 3520 3189 2501 3010 
0 2550 2039 1500 1000 500 0 3050 2540 2029 1118 707 500 3550 3040 2529 2312 1398 1098 1000 4050 3540 3029 2533 2765 2025 1500 4550 4040 3529 3199 2511 2000 5050 4540 4029 3699 3011 2500 
0 500 707 1118 2029 2540 3050 0 500 1000 1500 2039 2550 500 707 1118 2322 1947 2515 3050 1000 1118 1414 2543 2775 3055 3550 1500 2010 2520 3209 3541 4050 2000 2510 3020 3709 4041 4550 
0 707 500 707 1118 2029 2540 500 0 500 1000 1500 2039 707 500 707 1412 1051 2005 2540 1118 1000 1118 1406 1421 2545 3040 2010 1500 2010 2699 3031 3540 2510 2000 2510 3199 3531 4040 
0 1118 707 500 707 1118 2029 1000 500 0 500 1000 1500 1118 707 500 1302 625 1130 2029 1414 1118 1000 1080 1162 2035 2529 2520 2010 1500 2189 2521 3029 3020 2510 2000 2689 3021 3529 
0 2029 1118 707 500 707 1118 1500 1000 500 0 500 1000 2029 1118 707 792 427 710 1118 2529 1414 1118 1013 1139 1243 1414 3029 2520 2010 1679 2011 2520 3529 3020 2510 2179 2511 3020 
0 2540 2029 1118 707 500 707 2039 1500 1000 500 0 500 2540 2029 1118 1302 695 485 707 3040 2529 1490 1523 1755 1025 1118 3540 3029 2520 2189 1500 2010 4040 3529 3020 2689 2001 2510 
0 3050 2540 2029 1118 707 500 2550 2039 1500 1000 500 0 3050 2540 2029 1100 1134 688 500 3550 3040 2529 1325 2265 1126 1000 4050 3540 3029 2699 2011 1500 4550 4040 3529 3199 2511 2000 
0 1000 1118 1414 2529 3040 3550 500 707 1118 2029 2540 3050 0 500 1000 1858 1467 2046 2531 500 707 1118 2169 1941 2655 3120 1000 1118 1414 2529 3040 3550 1500 2010 2520 3029 3540 4050 
0 1118 1000 1118 1414 2529 3040 707 500 707 1118 2029 2540 500 0 500 1227 968 1536 2021 707 500 707 1143 1090 2145 2610 1118 1000 1118 1414 2529 3040 2010 1500 2010 2520 3029 3540 
0 1414 1118 1000 1118 1414 2529 1118 707 500 707 1118 2029 1000 500 0 743 472 1025 1500 1118 707 500 703 719 1166 2100 1414 1118 1000 1118 1414 2529 2520 2010 1500 2010 2520 3029 
0 2822 2312 1802 1292 1802 2312 2322 1412 1302 792 1302 1100 1858 1227 743 0 530 412 848 2358 1234 753 114 440 440 857 2858 1428 1043 799 833 1120 3358 2848 1453 1289 1311 1509 
0 2447 1332 1031 926 1075 1398 1947 1051 625 427 695 1134 1467 968 472 530 0 563 1058 1982 1129 751 679 743 1541 1304 2482 1455 1186 1268 1475 2281 2982 2472 1962 1761 2271 2781 
0 3015 2505 1417 1112 985 1098 2515 2005 1130 710 485 688 2046 1536 1025 412 563 0 495 2546 2036 1152 636 848 540 724 3046 2536 1452 1157 1035 1143 3546 3036 2526 2324 1526 1985 
0 3550 3040 2529 1414 1118 1000 3050 2540 2029 1118 707 500 2531 2021 1500 848 1058 495 0 3120 2610 2100 1042 1237 703 500 3550 3040 2529 1414 1118 1000 4050 3540 3029 2520 2010 1500 
0 1500 2010 2520 3029 3540 4050 1000 1118 1414 2529 3040 3550 500 707 1118 2358 1982 2546 3120 0 500 1000 1669 1426 2155 2620 500 707 1118 2029 2540 3050 1000 1118 1414 2529 3040 3550 
0 2010 1500 2010 2520 3029 3540 1118 1000 1118 1414 2529 3040 707 500 707 1234 1129 2036 2610 500 0 500 1068 928 1645 2110 707 500 707 1118 2029 2540 1118 1000 1118 1414 2529 3040 
0 2520 2010 1500 2010 2520 3029 1414 1118 1000 1118 1490 2529 1118 707 500 753 751 1152 2100 1000 500 0 571 431 1045 1500 1118 707 500 707 1118 2029 1414 1118 1000 1118 1414 2529 
0 3043 2533 2023 1513 2023 2533 2543 1406 1080 1013 1523 1325 2169 1143 703 114 679 636 1042 1669 1068 571 0 212 490 958 2169 1216 816 597 745 1121 2669 2159 1228 1096 1182 1448 
0 3275 2765 2255 1745 2255 2765 2775 1421 1162 1139 1755 2265 1941 1090 719 440 743 848 1237 1426 928 431 212 0 622 1097 1487 1018 604 443 733 1175 2441 1311 1023 938 1104 1435 
0 3555 3045 2535 2025 1515 2025 3055 2545 2035 1243 1025 1126 2655 2145 1166 440 1541 540 703 2155 1645 1045 490 622 0 475 2655 2145 1153 732 496 681 3155 2645 1438 1130 995 1099 
0 4050 3540 3029 2520 2010 1500 3550 3040 2529 1414 1118 1000 3120 2610 2100 857 1304 724 500 2620 2110 1500 958 1097 475 0 3050 2540 2029 1118 707 500 3550 3040 2529 1414 1118 1000 
0 2000 2510 3020 3529 4040 4550 1500 2010 2520 3029 3540 4050 1000 1118 1414 2858 2482 3046 3550 500 707 1118 2169 1487 2655 3050 0 500 1000 1500 2039 2550 500 707 1118 2029 2540 3050 
0 2510 2000 2510 3020 3529 4040 2010 1500 2010 2520 3029 3540 1118 1000 1118 1428 1455 2536 3040 707 500 707 1216 1018 2145 2540 500 0 500 1000 1500 2039 707 500 707 1118 2029 2540 
0 3020 2510 2000 2510 3020 3529 2520 2010 1500 2010 2520 3029 1414 1118 1000 1043 1186 1452 2529 1118 707 500 816 604 1153 2029 1000 500 0 500 1000 1500 1118 707 500 707 1118 2029 
0 3709 3199 2689 2179 2689 3199 3209 2699 2189 1679 2189 2699 2529 1414 1118 799 1268 1157 1414 2029 1118 707 597 443 732 1118 1500 1000 500 0 500 1000 2029 1118 707 500 707 1118 
0 4041 3531 3021 2511 2001 2511 3541 3031 2521 2011 1500 2011 3040 2529 1414 833 1475 1035 1118 2540 2029 1118 745 733 496 707 2039 1500 1000 500 0 500 2540 2029 1118 707 500 707 
0 4550 4040 3529 3020 2510 2000 4050 3540 3029 2520 2010 1500 3550 3040 2529 1120 2281 1143 1000 3050 2540 2029 1121 1175 681 500 2550 2039 1500 1000 500 0 3050 2540 2029 1118 707 500 
0 2500 3010 3520 4029 4540 5050 2000 2510 3020 3529 4040 4550 1500 2010 2520 3358 2982 3546 4050 1000 1118 1414 2669 2441 3155 3550 500 707 1118 2029 2540 3050 0 500 1000 1500 2039 2550 
0 3010 2500 3010 3520 4029 4540 2510 2000 2510 3020 3529 4040 2010 1500 2010 2848 2472 3036 3540 1118 1000 1118 2159 1311 2645 3040 707 500 707 1118 2029 2540 500 0 500 1000 1500 2039 
0 3520 3010 2500 3010 3520 4029 3020 2510 2000 2510 3020 3529 2520 2010 1500 1453 1962 2526 3029 1414 1118 1000 1228 1023 1438 2529 1118 707 500 707 1118 2029 1000 500 0 500 1000 1500 
0 4209 3699 3189 2679 3189 3699 3709 3199 2689 2179 2689 3199 3029 2520 2010 1289 1761 2324 2520 2529 1414 1118 1096 938 1130 1414 2029 1118 707 500 707 1118 1500 1000 500 0 500 1000 
0 4541 4031 3521 3011 2501 3011 4041 3531 3021 2511 2001 2511 3540 3029 2520 1311 2271 1526 2010 3040 2529 1414 1182 1104 995 1118 2540 2029 1118 707 500 707 2039 1500 1000 500 0 500 
0 5050 4540 4029 3520 3010 2500 4550 4040 3529 3020 2510 2000 4050 3540 3029 1509 2781 1985 1500 3550 3040 2529 1448 1435 1099 1000 3050 2540 2029 1118 707 500 2550 2039 1500 1000 500 0 
EOF